1 17 9.264706
2 16 7.756757
14 13 0.400000
4 13 5.600000
9 19 3.405405
2 16 10.405405
2 19 9.058824
1 17 11.277778
3 14 6.176471
18 15 1.235294
3 17 7.756757
2 6 0.194444
0 8 7.600000
10 10 1.750000
9 4 2.882353
3 4 3.733333
0 16 8.166667
5 19 6.054054
1 12 9.722222
3 16 9.648649
0 15 7.875000
6 14 5.638889
1 20 7.388889
2 8 6.805556
16 14 1.944444
6 3 3.294118
1 7 10.594595
1 4 7.200000
4 2 8.680000
2 7 10.694444
3 19 5.250000
1 18 8.750000
2 13 5.558824
14 17 1.312500
6 2 17.911765
4 1 0.194444
7 6 6.027778
15 18 1.448276
4 19 6.416667
2 15 9.837838
8 4 10.500000
3 4 12.108108
4 13 5.200000
5 17 3.088235
1 14 8.806452
5 18 5.108108
3 5 15.135135
1 14 7.777778
2 20 5.638889
5 1 2.800000
2 3 8.060606
1 18 7.200000
2 12 15.702703
0 14 8.235294
2 5 11.307692
1 19 11.333333
1 20 9.172414
2 16 6.222222
2 1 9.470588
11 13 0.400000
15 19 0.205882
1 14 11.586207
7 3 3.862069
1 12 9.000000
3 8 5.000000
3 11 8.647059
17 0 0.700000
3 11 7.617647
3 0 7.777778
3 16 7.538462
4 19 6.650000
0 14 6.794118
2 8 10.405405
2 2 9.058824
1 12 11.576923
3 14 10.405405
3 16 15.513514
1 3 7.000000
3 3 9.655172
8 11 0.750000
1 20 8.441176
16 16 0.583333
5 5 3.200000
2 3 8.166667
4 7 12.600000
6 3 7.291667
1 16 7.972222
11 0 2.200000
1 12 8.400000
1 20 12.297297
2 16 8.531250
2 20 17.027027
2 10 18.540541
2 9 5.727273
3 9 12.600000
2 11 9.058824
3 17 5.906250
3 18 8.931034
2 6 20.432432
4 12 4.400000
2 19 9.545455
19 3 0.400000
4 4 6.096774
1 4 4.878788
3 15 8.702703
2 18 11.729730
2 12 11.162162
12 20 3.088235
3 7 17.652174
0 7 8.800000
1 6 8.531250
14 0 0.250000
7 18 3.838710
2 11 10.305556
2 20 6.125000
3 15 5.687500
3 9 10.972973
1 19 7.205882
2 13 5.250000
5 0 8.166667
3 18 2.800000
2 10 10.705882
1 19 10.216216
1 12 8.166667
2 15 9.722222
4 19 6.575758
2 5 7.608696
1 2 6.322581
2 2 11.200000
1 5 9.333333
1 8 9.121212
3 5 11.861111
3 18 5.193548
1 9 4.000000
4 4 11.472222
8 19 4.200000
2 19 8.842105
0 7 8.647059
14 14 1.842105
1 19 13.621622
2 9 10.972973
6 2 10.500000
4 19 7.200000
1 8 8.600000
4 13 6.054054
2 18 8.135135
5 1 12.108108
2 9 11.307692
1 20 7.600000
1 11 9.916667
11 19 0.823529
3 4 8.968750
3 17 7.777778
18 1 3.400000
5 5 12.864865
3 14 11.351351
3 12 5.250000
3 16 12.675676
5 3 11.472222
2 2 8.166667
2 11 6.562500
2 1 5.970588
5 20 4.827586
10 16 3.294118
1 20 11.117647
1 14 6.600000
0 9 7.823529
2 2 7.777778
1 20 7.823529
0 8 9.074074
2 20 10.972973
1 3 7.225806
12 20 2.969697
4 1 14.378378
3 7 10.088235
7 17 7.000000
1 18 6.300000
2 16 7.466667
1 5 7.823529
8 0 7.451613
0 2 8.400000
2 17 8.029412
6 0 9.709677
2 10 9.130435
10 20 4.600000
2 18 7.560000
4 20 6.400000
1 18 8.400000
1 2 7.233333
2 3 19.675676
2 16 12.055556
1 8 7.233333
3 20 3.718750
1 12 11.148148
2 12 12.600000
6 4 7.411765
2 0 11.200000
3 2 4.967742
1 15 6.176471
6 5 5.090909
18 19 0.424242
1 17 5.923077
2 11 11.000000
3 4 7.656250
1 12 6.151515
8 0 3.718750
1 19 8.361111
3 8 4.586207
16 10 0.848485
10 9 6.533333
1 19 13.621622
2 15 11.351351
1 9 7.000000
2 8 18.760000
1 13 14.378378
1 16 8.129032
1 12 7.903226
1 8 8.037037
0 2 7.388889
1 17 14.567568
5 6 7.875000
3 16 5.800000
13 6 1.166667
8 0 9.648649
1 15 10.718750
1 9 8.750000
7 20 2.837838
1 19 12.297297
2 2 8.235294
2 20 10.862069
1 2 7.875000
8 2 9.138889
3 20 7.194444
19 1 1.166667
0 0 0.189189
0 19 8.633333
0 8 8.702703
4 2 11.666667
16 2 4.162162
1 20 12.833333
1 12 9.520000
2 19 7.583333
3 3 11.827586
2 18 9.138889
1 9 4.200000
1 17 4.156250
0 3 0.241379
1 14 11.918919
2 15 4.918919
0 14 8.441176
4 6 10.305556
1 3 7.451613
2 11 11.729730
2 14 11.918919
4 6 4.967742
4 8 10.393939
1 9 9.240000
5 11 6.720000
3 19 5.727273
12 1 0.875000
2 11 6.300000
8 13 7.000000
2 4 11.351351
2 20 9.081081
2 7 6.805556
1 9 7.451613
1 5 6.400000
0 12 8.800000
1 18 5.870968
4 8 5.962963
1 2 5.515152
3 16 9.081081
2 20 8.806452
18 7 0.756757
16 13 1.615385
18 7 0.218750
1 5 9.270270
2 10 8.166667
1 7 7.500000
10 7 6.054054
4 6 12.486486
6 19 4.941176
9 1 8.324324
3 2 8.000000
6 0 3.266667
2 9 8.166667
2 6 7.212121
1 13 9.058824
1 11 8.960000
5 20 10.000000
2 16 11.000000
18 0 2.500000
1 11 8.852941
4 17 9.058824
6 3 7.800000
3 16 10.888889
3 1 11.083333
15 10 3.027027
2 4 6.176471
2 8 5.793103
5 0 4.967742
2 12 5.250000
1 13 6.125000
18 19 0.677419
1 14 7.000000
13 19 4.735294
1 9 8.200000
5 19 6.000000
9 16 4.064516
1 18 5.970588
3 4 10.500000
12 1 8.312500
1 17 9.722222
4 11 9.722222
2 12 13.805556
2 19 17.818182
3 20 5.031250
5 4 8.361111
3 20 7.189189
1 18 7.205882
2 17 13.243243
6 3 8.361111
2 20 7.000000
1 2 8.120000
11 18 2.545455
4 15 13.054054
2 8 12.880000
7 0 3.694444
1 5 8.029412
1 7 8.166667
1 19 9.200000
1 3 8.580645
14 20 0.189189
4 20 7.000000
3 13 7.000000
2 13 7.388889
1 16 11.030303
4 20 6.250000
2 13 9.592593
3 12 7.677419
17 14 0.466667
3 19 5.303030
18 18 0.567568
6 16 4.000000
2 20 9.757576
5 5 8.324324
2 11 14.378378
2 8 5.870968
1 15 8.500000
1 12 9.000000
3 2 13.621622
2 19 5.486486
8 16 2.187500
2 16 6.787879
17 17 0.567568
2 4 9.676471
12 8 4.812500
1 20 7.000000
2 6 8.312500
9 1 10.594595
1 11 11.162162
2 17 10.600000
2 18 9.459459
2 12 8.361111
5 3 6.416667
5 15 7.205882
18 17 1.513514
6 9 10.594595
3 9 9.434783
5 5 10.111111
3 3 4.735294
10 1 0.388889
2 13 10.594595
2 19 8.361111
4 4 6.000000
1 0 11.540541
2 9 6.322581
4 5 13.621622
1 18 11.260870
1 7 8.166667
1 5 8.135135
7 3 1.750000
3 1 12.055556
1 17 5.303030
1 1 9.333333
0 2 8.909091
5 16 7.411765
0 12 10.088235
1 16 8.800000
2 8 7.000000
1 6 6.774194
1 12 7.200000
1 17 7.583333
2 4 13.200000
1 3 9.058824
1 20 7.972222
6 1 4.117647
11 6 0.424242
4 12 5.870968
15 12 0.388889
5 9 1.206897
16 7 0.437500
6 1 14.189189
9 10 4.472222
2 13 7.636364
2 16 11.729730
3 5 6.600000
3 6 10.400000
3 3 20.562500
1 12 7.000000
11 5 10.500000
3 10 6.432432
3 20 5.250000
4 15 3.972973
1 5 6.781250
2 8 12.675676
1 15 7.200000
6 1 9.423077
4 11 5.366667
18 5 0.636364
8 15 4.741935
3 19 9.400000
2 14 7.583333
1 15 5.090909
1 15 7.194444
1 15 7.777778
4 8 7.259259
2 10 9.837838
9 18 3.111111
4 14 7.756757
0 16 6.517241
1 17 7.000000
5 11 4.030303
3 14 10.966667
1 16 6.125000
5 0 16.837838
1 8 9.406250
15 19 1.842105
5 14 3.111111
9 3 12.297297
10 2 1.354839
2 20 7.600000
2 11 19.055556
2 13 8.960000
1 8 15.513514
2 19 12.090909
13 19 2.270270
0 7 9.676471
1 16 8.750000
3 14 5.352941
18 15 0.451613
17 3 1.166667
1 6 9.648649
3 19 11.800000
2 11 7.205882
1 12 9.722222
1 4 7.777778
6 2 8.689655
1 9 9.333333
5 13 6.096774
2 19 9.138889
14 4 0.218750
0 11 8.000000
2 13 11.958333
18 9 3.216216
1 13 5.310345
2 13 7.218750
0 3 0.189189
1 5 7.400000
3 18 11.735294
17 19 0.636364
1 7 6.800000
2 15 5.558824
2 0 9.470588
13 3 0.250000
2 0 11.666667
2 1 8.400000
3 17 7.212121
1 10 7.972222
2 8 7.972222
10 12 3.500000
1 19 13.096774
1 20 18.666667
7 16 4.666667
4 1 5.833333
1 11 12.090909
7 4 4.454545
19 18 1.633333
1 9 13.243243
4 20 4.000000
3 4 4.741935
16 15 0.848485
18 17 1.647059
5 1 10.652174
1 3 11.918919
1 13 13.054054
5 18 0.250000
7 0 9.648649
5 20 8.702703
18 15 0.756757
2 7 6.343750
5 3 10.694444
8 18 3.405405
8 8 2.470588
0 11 8.000000
1 16 10.888889
2 11 6.300000
4 17 3.733333
1 5 8.029412
9 14 3.937500
1 10 7.000000
16 19 0.194444
2 13 5.400000
3 2 8.909091
1 7 7.218750
2 5 5.133333
13 13 0.189189
2 18 4.812500
2 16 5.133333
3 14 3.200000
2 9 14.567568
18 1 0.945946
1 15 7.000000
1 8 8.750000
4 14 5.444444
1 10 5.962963
1 5 8.555556
2 15 15.909091
1 4 8.206897
19 16 0.945946
15 6 0.451613
3 4 7.400000
15 0 0.600000
3 3 10.783784
1 6 9.625000
4 14 7.000000
14 4 0.583333
3 15 5.444444
1 11 12.147059
3 19 6.794118
2 19 11.472222
15 17 0.500000
2 4 7.677419
1 5 7.823529
2 14 9.138889
11 1 7.411765
3 8 10.818182
2 8 9.121212
1 12 8.600000
2 5 12.833333
1 20 8.702703
1 18 7.617647
14 9 1.200000
10 9 6.708333
1 15 8.891892
1 12 5.939394
2 7 4.593750
7 20 2.648649
0 16 8.200000
2 7 11.351351
0 8 11.064516
2 8 7.400000
3 11 5.468750
16 15 0.233333
1 8 9.470588
2 20 15.135135
2 3 9.578947
0 18 7.205882
6 3 4.586207
15 20 0.451613
4 13 14.189189
3 10 7.875000
7 1 16.081081
1 12 8.200000
10 1 7.368421
7 4 7.350000
3 8 11.433333
1 6 6.787879
3 2 7.677419
1 2 7.777778
1 8 7.400000
4 10 4.967742
15 16 0.617647
1 11 16.270270
7 15 5.600000
4 6 11.162162
5 0 15.531250
4 17 5.764706
4 0 7.945946
1 5 7.000000
7 13 0.677419
1 13 10.027027
2 16 7.241379
3 6 7.400000
13 20 1.324324
2 0 7.583333
1 19 8.324324
8 5 0.750000
3 6 7.000000
10 5 0.189189
2 13 8.312500
2 12 8.324324
18 11 0.200000
1 19 8.484848
8 1 11.918919
4 17 5.906250
1 2 8.000000
2 5 6.548387
1 7 9.406250
5 20 6.054054
1 12 10.062500
8 17 4.030303
3 15 8.235294
19 18 0.500000
4 1 5.250000
2 5 11.729730
2 6 8.944444
6 1 10.000000
2 1 11.918919
12 14 4.162162
3 10 5.666667
2 4 15.000000
2 19 7.212121
1 15 8.750000
16 5 1.200000
0 19 8.235294
3 4 14.875000
4 18 11.162162
3 3 10.088235
8 14 3.594595
6 1 1.891892
2 8 12.864865
1 16 7.677419
1 10 7.972222
7 2 15.750000
10 4 11.918919
3 13 4.200000
1 8 6.000000
0 8 7.538462
1 9 5.970588
2 17 7.777778
2 16 13.621622
0 3 6.382353
14 14 2.722222
0 0 0.205882
1 8 8.800000
0 9 9.916667
2 8 7.000000
3 17 6.600000
4 0 10.500000
2 7 14.583333
3 4 7.777778
0 1 0.189189
2 15 4.827586
2 3 13.621622
19 15 0.194444
13 8 0.424242
11 15 0.700000
2 16 9.270270
3 10 13.805556
3 19 7.378378
14 18 0.777778
2 4 9.800000
7 11 5.133333
3 11 6.400000
2 10 10.216216
3 5 5.906250
9 6 4.400000
2 13 12.147059
1 18 9.187500
14 18 1.500000
2 16 5.352941
1 13 7.903226
1 9 11.861111
0 1 0.189189
11 14 1.093750
16 1 1.135135
1 4 7.945946
1 11 11.400000
2 16 5.250000
2 1 11.242424
2 18 7.000000
2 14 6.794118
0 16 9.483871
0 20 8.029412
1 19 20.432432
1 11 7.437500
2 19 6.621622
4 5 9.187500
11 13 3.088235
2 16 5.303030
19 0 0.437500
1 5 8.513514
1 11 7.000000
2 20 9.200000
2 20 14.583333
7 6 7.945946
4 4 13.200000
2 6 9.333333
0 16 7.000000
4 16 8.029412
2 7 8.361111
0 0 6.363636
8 4 3.600000
7 2 0.777778
10 19 1.891892
1 3 7.800000
3 7 6.432432
1 20 7.000000
1 9 6.533333
3 0 15.555556
17 0 0.933333
13 14 0.218750
1 6 8.400000
4 1 7.218750
1 7 11.064516
5 18 9.648649
2 19 9.032258
1 14 9.400000
2 19 3.400000
3 13 5.108108
4 20 12.444444
1 5 14.567568
0 10 7.972222
12 20 0.600000
4 13 3.088235
2 17 6.766667
10 19 3.972973
13 5 4.148148
18 0 11.540541
14 13 0.378378
14 7 5.333333
1 5 14.567568
2 17 12.675676
19 17 1.361111
1 13 11.861111
2 11 7.840000
5 0 4.064516
2 11 11.540541
3 6 10.000000
2 6 9.138889
3 14 10.027027
4 19 10.500000
1 13 9.333333
5 13 8.029412
4 4 4.200000
4 7 9.896552
6 1 11.375000
2 1 12.297297
12 18 0.189189
2 11 7.700000
2 19 15.513514
14 18 0.756757
9 15 1.312500
0 5 7.200000
1 3 9.527778
1 15 7.411765
0 7 8.580645
3 1 9.081081
2 18 9.138889
2 19 13.805556
2 10 6.575758
1 12 11.307692
8 12 7.567568
3 5 11.400000
3 2 8.029412
1 15 7.800000
8 0 8.800000
1 16 8.272727
4 14 8.361111
3 4 3.137931
3 6 7.205882
2 18 9.406250
9 13 0.304348
3 18 5.478261
1 13 16.625000
1 8 7.291667
3 1 11.472222
1 18 7.823529
5 7 12.108108
1 9 9.138889
4 2 5.090909
0 5 8.060606
1 13 9.916667
1 1 6.400000
1 10 9.333333
16 3 2.882353
12 0 9.600000
1 9 10.783784
1 7 9.032258
4 6 10.043478
19 0 0.567568
2 10 11.878788
5 5 5.115385
2 10 9.333333
7 4 6.027778
3 18 5.090909
1 7 9.527778
1 17 13.054054
1 18 10.783784
4 1 13.810811
2 5 17.888889
2 17 9.648649
0 19 7.388889
1 10 9.837838
14 17 3.216216
9 0 13.054054
1 12 16.333333
7 13 4.162162
17 11 2.648649
1 6 10.500000
2 3 11.846154
0 1 0.189189
5 19 7.189189
1 3 8.166667
1 2 5.800000
8 18 7.756757
3 14 7.000000
5 10 3.500000
2 3 9.757576
3 19 3.387097
16 10 1.129032
0 0 9.527778
1 9 8.400000
2 12 8.037037
4 19 3.393939
3 18 10.594595
0 4 7.233333
7 12 1.909091
4 17 4.400000
7 17 1.060606
18 7 2.413793
1 4 10.062500
3 6 7.756757
3 16 15.750000
1 9 11.083333
1 4 8.000000
2 10 14.656250
19 2 0.189189
5 4 9.153846
1 20 7.875000
6 0 10.600000
4 12 9.578947
8 11 4.200000
2 9 6.787879
2 5 19.675676
0 17 7.656250
1 18 6.548387
2 9 7.500000
4 6 14.000000
1 14 8.852941
7 10 0.250000
4 4 17.783784
3 13 7.000000
15 7 1.296296
2 5 10.088235
6 20 5.444444
4 17 15.555556
1 17 9.250000
3 2 7.411765
3 6 6.810811
15 10 0.617647
1 3 4.344828
2 18 18.540541
0 10 7.194444
3 20 6.800000
3 12 6.810811
3 4 14.378378
4 0 10.972973
2 18 5.400000
4 19 8.120000
1 17 6.125000
2 20 6.151515
1 16 11.083333
2 14 5.962963
2 13 10.594595
1 20 7.000000
0 8 9.058824
1 14 6.794118
2 7 8.448276
3 9 7.972222
1 4 9.200000
2 20 9.896552
4 4 10.181818
1 3 9.100000
1 15 7.411765
5 3 8.909091
12 2 0.378378
2 19 9.648649
17 1 0.800000
1 19 10.594595
15 11 2.138889
2 4 9.470588
6 13 3.612903
19 20 3.379310
1 16 7.388889
14 17 1.333333
3 9 8.484848
9 15 1.324324
6 12 14.500000
5 8 15.060606
3 13 13.054054
4 19 6.787879
3 13 5.687500
17 12 3.818182
2 18 4.827586
15 10 0.451613
3 2 5.055556
13 5 4.064516
1 5 8.093750
14 18 0.437500
8 4 10.200000
1 12 9.837838
1 0 8.029412
4 18 4.800000
8 18 4.454545
2 10 10.888889
19 14 0.466667
4 18 5.031250
1 19 13.621622
4 4 17.200000
10 10 0.518519
3 10 5.558824
3 10 7.000000
1 9 7.218750
1 5 8.166667
5 2 7.000000
14 9 0.567568
13 17 4.083333
4 3 10.208333
1 17 9.800000
18 18 0.411765
9 3 10.379310
18 13 0.233333
1 2 7.194444
3 1 8.000000
2 11 12.486486
10 13 1.000000
1 10 7.000000
3 13 3.733333
1 11 9.333333
2 16 8.555556
3 18 6.176471
2 13 12.200000
1 3 11.735294
1 18 8.166667
2 17 6.805556
4 3 6.548387
1 17 7.903226
1 16 4.375000
2 18 10.137931
5 4 10.500000
3 6 8.076923
8 9 5.250000
1 4 12.486486
1 5 7.600000
18 15 0.451613
1 20 7.000000
3 19 5.833333
2 18 9.270270
2 9 12.675676
1 4 9.081081
1 17 10.000000
1 12 7.000000
2 14 8.166667
1 14 11.000000
1 16 8.800000
8 17 5.352941
4 19 4.878788
2 1 9.264706
2 3 26.352941
2 17 8.272727
3 4 7.000000
4 18 5.486486
0 0 0.233333
4 7 8.647059
6 19 4.162162
1 15 6.027778
1 18 6.343750
12 6 0.280000
1 18 7.756757
2 10 6.192308
1 0 8.555556
2 12 10.620690
8 4 1.702703
6 0 9.434783
2 6 16.138889
3 12 8.120000
2 4 6.533333
1 11 5.600000
3 8 5.031250
3 3 11.200000
1 10 9.270270
4 14 4.117647
2 17 6.562500
2 15 7.000000
1 20 6.400000
1 18 11.351351
6 0 0.205882
1 20 7.724138
